1.jpg	6	0	2	1	1	1	1	0
2.jpg	6	0	2	1	1	1	1	0
3.jpg	6	0	2	1	1	1	1	0
4.jpg	6	0	2	1	1	1	1	0
5.jpg	8	0	2	2	2	1	1	0
6.jpg	8	0	2	2	2	1	1	0
7.jpg	9	0	2	2	2	2	1	0
8.jpg	9	0	2	2	2	2	1	0
9.jpg	9	0	2	2	2	2	1	0
10.jpg	5	0	1	1	1	1	1	0
11.jpg	5	0	1	1	1	1	1	0
12.jpg	5	0	1	1	1	1	1	0
13.jpg	5	0	1	1	1	1	1	0
14.jpg	5	0	1	1	1	1	1	0
15.jpg	1	0	0	0	0	0	1	0
16.jpg	1	0	0	0	0	0	1	0
17.jpg	1	0	0	0	0	1	0	0
18.jpg	1	0	0	0	0	1	0	0
19.jpg	1	0	0	0	1	0	0	0
20.jpg	1	0	0	0	1	0	0	0
21.jpg	1	0	0	1	0	0	0	0
22.jpg	1	0	0	1	0	0	0	0
23.jpg	1	0	1	0	0	0	0	0
24.jpg	1	0	1	0	0	0	0	0
