1.jpg	4	175	1	0	1	1	1	0
2.jpg	2	150	0	0	0	1	1	0
3.jpg	7	215	1	2	2	1	1	0
4.jpg	6	195	1	2	1	1	1	0
5.jpg	5	185	1	1	1	1	1	0	
6.jpg	4	85	1	1	1	1	0	0
7.jpg	6	385	1	1	1	1	1	1
8.jpg	6	385	1	1	1	1	1	1
9.jpg	6	385	1	1	1	1	1	1
10.jpg	8	370	2	2	2	0	1	1
11.jpg	6	70	2	2	2	0	0	0
12.jpg	4	60	0	2	2	0	0	0
13.jpg	6	190	2	1	1	1	1	0
14.jpg	7	430	2	0	1	2	1	1
15.jpg	6	410	2	0	0	2	1	1
16.jpg	1	200	0	0	0	0	0	1
17.jpg	1	200	0	0	0	0	0	1
18.jpg	1	100	0	0	0	0	1	0
19.jpg	1	100	0	0	0	0	1	0
20.jpg	1	20	0	0	1	0	0	0
21.jpg	1	20	0	0	1	0	0	0
22.jpg	1	10	0	1	0	0	0	0
23.jpg	1	10	0	1	0	0	0	0
24.jpg	1	5	1	0	0	0	0	0	
25.jpg	1	5	1	0	0	0	0	0
26.jpg	1	50	0	0	0	1	0	0
27.jpg	1	50	0	0	0	1	0	0